version https://git-lfs.github.com/spec/v1
oid sha256:db10ba55baca387e856a497bb2b0394b9ed07fb3722cdd16038575b3bdc3536c
size 49297800
